# oST version 5.0 parameters


[image]

width
640

height
480

[narrow_stereo]

camera matrix
876.516259 0.000000 311.970079
0.000000 872.294805 237.838049
0.000000 0.000000 1.000000

distortion
-0.015725 0.324479 -0.002707 0.001885 0.000000

rectification
1.000000 0.000000 0.000000
0.000000 1.000000 0.000000
0.000000 0.000000 1.000000

projection
886.727976 0.000000 312.916585 0.000000
0.000000 882.977700 237.049391 0.000000
0.000000 0.000000 1.000000 0.000000
